nTeams=14;
dist = [
[   0  745  665  929  605  521  370  587  467  670  700 1210 2130 1890 ]
[  745   0   80  337 1090  315  567  712  871  741 1420 1630 2560 2430 ]
[  665  80    0  380 1020  257  501  664  808  697 1340 1570 2520 2370 ]
[  929 337  380    0 1380  408  622  646  878  732 1520 1530 2430 2360 ]
[  605 1090 1020 1380   0 1010  957 1190 1060 1270  966 1720 2590 2270 ]
[  521  315  257  408 1010   0  253  410  557  451 1140 1320 2260 2110 ]
[  370  567  501  622  957  253   0  250  311  325  897 1090 2040 1870 ]
[  587  712  664  646 1190  410  250   0  260   86  939  916 1850 1730 ]
[  467  871  808  878 1060  557  311  260   0  328  679  794 1740 1560 ]
[  670  741  697  732 1270  451  325   86 328    0 1005  905 1846 1731 ]
[  700 1420 1340 1520  966 1140  897  939  679 1005   0  878 1640 1300 ]
[ 1210 1630 1570 1530 1720 1320 1090  916  794  905  878   0  947  832 ]
[ 2130 2560 2520 2430 2590 2260 2040 1850 1740 1846 1640 947   0  458  ]
[ 1890 2430 2370 2360 2270 2110 1870 1730 1560 1731 1300 832  458   0  ]
       ];
      
opponents=[
[     2   -1   -11    8    7   -12   -5   -4    10   -9    3    6    14   -13]
[   -9   -5   -14   -7    2   -13    4    10    1   -8    12   -11    6    3]
[   -10    7   -13   -8    11   -14   -2    4   -12    1   -5    9    3    6]
[   -8    5    7   -10   -2    11   -3    1   -14    4   -6    13   -12    9]
[    14    3   -2    5   -4    13    11   -10    12    8   -7   -9   -6   -1]
[    7   -11    4   -3    14   -8   -1    6    13   -12    2    10   -9   -5]
[    3   -7   -1   -6   -11    4    2   -9    8   -13    5    14    10   -12]
[   -6   -8   -12    11   -13    1    9    2   -7   -14   -4    3    5    10]
[    9    11   -10    6   -14   -4    8   -7   -1    3   -2   -13    12    5]
[   -4    8    11    1    9    7   -6   -2   -5    13   -3   -14   -10    12]
[   -2    1    6   -9   -12   -3   -11    13    4    14    7    5   -8   -10]
[   -3   -12    1    14   -9    10    13    11    5   -6   -8    2   -7   -4]
[    5   -13   -7    12   -1    9    3    14   -6    11   -10   -4    2   -8]
[    8   -14    12    7    6   -5   -4   -1   -10    9    13   -3   -11    2]
[    13    4    10   -2    8   -9    12   -5    6   -3    14   -7   -1   -11]
[   -12    10   -4    3    13   -7    6   -11    14   -2    8    1   -5   -9]
[   -13   -6    5    10   -3    2    14    9   -8   -4   -12    11    1   -7]
[   -14   -9    8   -12   -6    5   -10   -3    2    7   -13    4    11    1]
[    12   -10   -9   -13   -7    8    5   -6    3    2   -14   -1    4    11]
[   -11    13   -8   -14    12   -10   -9    3    7    6    1   -5   -2    4]
[   -7    14    13    9    10   -11    1    12   -4   -5    6   -8   -3   -2]
[    6    9    14    13   -8   -1   -12    5   -2   -11    10    7   -4   -3]
[    11   -4    9    2   -10    14   -13   -12   -3    5   -1    8    7   -6]
[    4    6   -5   -1    3   -2   -14   -13    11    12   -9   -10    8    7]
[   -5    12   -6   -11    1    3    10   -14   -13   -7    4   -2    9    8]
[    10   -3    2   -5    4    12   -8    7   -11   -1    9   -6   -14    13]
          ];
              