nTeams= 10;

dist= [
[   0  745  665  929  605  521  370  587  467  670]
[  745   0   80  337 1090  315  567  712  871  741]
[  665  80    0  380 1020  257  501  664  808  697]
[  929 337  380    0 1380  408  622  646  878  732]
[  605 1090 1020 1380   0 1010  957 1190 1060 1270]
[  521  315  257  408 1010   0  253  410  557  451]
[  370  567  501  622  957  253   0  250  311  325]
[  587  712  664  646 1190  410  250   0  260   86]
[  467  871  808  878 1060  557  311  260   0  328]
[  670  741  697  732 1270  451  325   86 328    0]
];

opponents=[
[8   -9  -4  3   10   7   -6  -1  2   -5 ] 
[10   -7  -6  9   8   3   2   -5  -4  -1 ] 
[5   -4  9   2   -1  8   10   -6  -3  -7 ] 
[-8  9   4   -3  -7  -10  5   1   -2  6  ] 
[-10  4   7   -2  -9  -8  -3  6   5   1  ] 
[-9  7   -5  -6  3   4   -2  -10  1   8  ] 
[3   -5  -1  7   2   10   -4  9   -8  -6 ] 
[2   -1  -7  -8  6   -5  3   4   -10  9  ] 
[6   -3  2   -10  -8  -1  9   5   -7  4  ] 
[-2  1   8   -7  -10  -9  4   -3  6   5  ] 
[-4  8   10   1   -6  5   -9  -2  7   -3 ] 
[-6  10   -9  8   7   1   -5  -4  3   -2 ] 
[7   -6  -8  10   9   2   -1  3   -5  -4 ] 
[9   -8  -10  -5  4   -7  6   2   -1  3  ] 
[4   -10  5   -1  -3  9   8   -7  -6  2   ]
[-7  5   6   -9  -2  -3  1   10   4   -8 ] 
[-3  6   1   5   -4  -2  -8  7   10   -9]  
[-5  3   -2  6   1   -4  -10  -9  8   7]
          ];
    
