nTeams=20;

dist=[
[        0  1270    396   189   739     480   364   554   805  1023     941  1617  1753  2581  1237    2682   189  1542   394   255 ]
[     1270     0  1201   1104   972    1024   960  1094  1028   329     820   967  1710  2258  1246    2571  1104  1109   933  1047 ]
[      396  1201     0    294   395     183   287   185   440   893     632  1306  1357  2189   851    2287   294  1195   301   283 ]
[      189  1104   294     0    571     315   176   409   644   843     759  1433  1616  2431  1085    2556     0  1366   205    66 ]
[      739   972   395   571     0      259   428   211    88   643     244   910  1072  1866   526    2021   571   807   410   517 ]
[      480  1024   183   315   259       0    200   115   329   712     472  1152  1305  2116   770    2249   315  1063   195   267 ]
[      364   960   287   176   428     200     0    314   509   680     593  1261  1495  2294   953    2442   176  1203    30   109 ]
[      554  1094   185   409   211     115   314     0    257   772     452  1121  1207  2028   682    2148   409  1010   310   369 ]
[      805  1028   440   644    88     329   509   257     0    700     248   878   987  1788   444    1935   644   755   493   593 ]
[     1023   329   893   843   643     712   680   772   700     0      502   829  1453  2085   953    2356   843   906   651   779 ]
[      941   820   632   759   244     472   593   452   248   502       0    680  1008  1741   471    1946   759   612   567   697 ]
[     1617   967  1306  1433   910    1152  1261  1121   878   829     680     0    871  1291   670    1623  1433   242  1233  1368 ]
[     1753  1710  1357  1616  1072    1305  1495  1207   987  1453    1008   871     0    847   550     949  1616   643  1480  1572 ]
[     2581  2258  2189  2431  1866    2116  2294  2028  1788  2085    1741  1291   847     0   1346     452  2431  1180  2275  2381 ]
[     1237  1246   851  1085   526     770   953   682   444   953     471   670   550  1346     0     1498  1085   456   936  1036 ]
[     2682  2571  2287  2556  2021    2249  2442  2148  1935  2356    1946  1623   949   452  1498       0   2556  1462  2428  2515 ]
[      189  1104   294     0   571     315   176   409   644   843     759  1433  1616  2431  1085    2556     0   1366   205    66 ]
[     1542  1109  1195  1366   807    1063  1203  1010   755   906     612   242   643  1180   456    1462  1366     0   1178  1305 ]
[      394   933   301   205   410     195    30   310   493   651     567  1233  1480  2275   936    2428   205  1178      0   139 ]
[      255  1047   283    66   517     267   109   369   593   779     697  1368  1572  2381  1036    2515    66  1305    139     0 ]
];

opponents=[
[ -20 -19 -18 -17 -16 -15 -14 -13 -12 -11  10   9   8   7   6   5   4   3   2   1 ]
[ -19 -11 -20 -18 -17 -16 -15 -14 -13 -12   2  10   9   8   7   6   5   4   1   3 ]
[ -18 -20 -12 -11 -19 -17 -16 -15 -14 -13   4   3  10   9   8   7   6   1   5   2 ]
[ -17 -18 -14 -13 -12 -11 -20 -19 -16 -15   6   5   4   3  10   9   1   2   8   7 ]
[ -16 -17 -19 -15 -13 -14 -11 -12 -18 -20   7   8   5   6   4   1   2   9   3  10 ]
[ -15 -16 -17  -9  -8  -7   6   5   4  14 -19 -18 -20 -10   1   2   3  12  11  13 ]
[ -14 -15  -9 -19 -20 -18  -8   7   3  11 -10 -17 -16   1   2  13  12   6   4   5 ]
[ -13 -14 -15 -16 -10 -19 -17  -9   8   5 -18 -20   1   2   3   4   7  11   6  12 ]
[ -12 -13 -16 -14 -15 -20  -9 -18   7 -19 -17   1   2   4   5   3  11   8  10   6 ]
[ -11  -8 -13  -6 -18   4 -19   2 -10   9   1  16   3 -20 -17 -12  15   5   7  14 ]
[ -10 -12 -11 -20 -14 -13 -18 -17 -19   1   3   2   6   5 -16  15   8   7   9   4 ]
[  -9 -10  -8  -7 -11 -12   4   3   1   2   5   6 -19 -18 -20 -17  16  14  13  15 ]
[  -8  -9 -10 -12  -7  11   5   1   2   3  -6   4 -18 -17 -19 -20  14  13  15  16 ]
[  -7  -6  -5 -10   3   2   1 -20 -17   4 -14 -13  12  11  16 -15   9 -19  18   8 ]
[  -6  -5  -7  -8   2   1   3   4 -15 -18 -13 -14  11  12   9 -19 -20  10  16  17 ]
[  -5  -7   4  -3   1 -10   2 -16 -20   6 -15 -19  14 -13  11   8 -18  17  12   9 ]
[  -4  -3   2   1  -9  -8 -13   6   5 -17 -20 -16   7 -19  18  12  10 -15  14  11 ]
[  -3  -4   1   2  -6   5 -12 -10 -11   8   9   7 -17 -15  14 -18  13  16 -20  19 ]
[  -2   1  -6  -5   4   3 -10   9  -8   7 -12  11 -15  16  13 -14 -19 -20  17  18 ]
[   2  -1  -4   3   6  -5   9  18  -7 -16  12 -11 -14  13  17  10 -15  -8  20 -19 ]
[   3   9  -1   5  -4   7  -6 -11  -2  12   8 -10  16  17  20 -13 -14  19 -18 -15 ]
[   4   3  -2  -1   7  -9  -5  12   6 -14  13  -8 -11  10 -18  20  19  15 -17 -16 ]
[   5   4   6  -2  -1  -3   8  -7  10  -9  17  13 -12  15 -14  19 -11  20 -16 -18 ]
[   6  11  16  18   8  -1  10  -5  13  -7  -2  15  -9  19 -12  -3  20  -4 -14 -17 ]
[   7   5  10   8  -2   9  -1  -4  -6  -3 -16  14  20 -12  19  11  18 -17 -15 -13 ]
[   8  14  17   9  20  10  13  -1  -4  -6  15  19  -7  -2 -11  18  -3 -16 -12  -5 ]
[   9  19   5   6  -3  -4  17  11  -1  15  -8  20  18 -16 -10  14  -7 -13  -2 -12 ]
[  10   6  20  12  11  -2  19  13  15  -1  -5  -4  -8  18  -9  17 -16 -14  -7  -3 ]
[  11  15  12   7  17  18  -4  16  14  20  -1  -3  19  -9  -2  -8  -5  -6 -13 -10 ]
[  12   7   8  19   9  16  -2  -3  -5  17  18  -1  15  20 -13  -6 -10 -11  -4 -14 ]
[  13   8  18  10  19  14  15  -2  16  -4  20  17  -1  -6  -7  -9 -12  -3  -5 -11 ]
[  14  17   9  13  12  15  16  20  -3  18  19  -5  -4  -1  -6  -7  -2 -10 -11  -8 ]
[  15  18  14  20  16   8  12  -6  11  19  -9  -7  17  -3  -1  -5 -13  -2 -10  -4 ]
[  16  10   7  15  13  20  -3  19  17  -2  14  18  -5 -11  -4  -1  -9 -12  -8  -6 ]
[  17  12  11  16  14  19  20  15  18  13  -3  -2 -10  -5  -8  -4  -1  -9  -6  -7 ]
[  18  13  19  11  15  12  14  17  20  16  -4  -6  -2  -7  -5 -10  -8  -1  -3  -9 ]
[  19  20  15  17  10  13  18  14  12  -5  16  -9  -6  -8  -3 -11  -4  -7  -1  -2 ]
[  20  16  13  14  18  17  11  10  19  -8  -7 -15  -3  -4  12  -2  -6  -5  -9  -1 ]
];
