nTeams=12;

dist=[
[   0  745  665  929  605  521  370  587  467  670  700 1210]
[  745   0   80  337 1090  315  567  712  871  741 1420 1630]
[  665  80    0  380 1020  257  501  664  808  697 1340 1570]
[  929 337  380    0 1380  408  622  646  878  732 1520 1530]
[  605 1090 1020 1380   0 1010  957 1190 1060 1270  966 1720]
[  521  315  257  408 1010   0  253  410  557  451 1140 1320]
[  370  567  501  622  957  253   0  250  311  325  897 1090]
[  587  712  664  646 1190  410  250   0  260   86  939  916]
[  467  871  808  878 1060  557  311  260   0  328  679  794]
[  670  741  697  732 1270  451  325   86 328    0 1005  905]
[  700 1420 1340 1520  966 1140  897  939  679 1005   0  878]
[ 1210 1630 1570 1530 1720 1320 1090  916  794  905  878   0]
     ];
     
opponents=[
[    2   -1   -5   -11    3   -12    10   -9    8   -7    4    6]
[    3   -7   -1   -5    4   -11    2   -12    10   -9    6    8]
[   -7   -9   -4    3    6   -5    1   -11    2   -12    8    10]
[   -6    7    5    12   -3    1   -2    9   -8    11   -10   -4]
[   -5    12    7   -6    1    4   -3    11   -10    9   -8   -2]
[    10   -6    12    8   -7    2    5   -4    11   -1   -9   -3]
[   -11   -8   -10    6   -12   -4    9    2   -7    3    1    5]
[   -12   -10   -8    9   -11    7   -6    3   -4    2    5    1]
[    4    11   -7   -1    12    9    3   -10   -6    8   -2   -5]
[    12    10    11   -9    8   -7    6   -5    4   -2   -3   -1]
[    8   -3    2   -12    10   -9    11   -1    6   -5   -7    4]
[   -4    5   -6    1   -2    3   -8    7    12   -11    10   -9]
[   -2    1    9    5   -4    11   -10    12   -3    7   -6   -8]
[   -3    9    1    11   -6    5    8   -7   -2    12   -4   -10]
[    6   -5   -9   -7    2   -1    4    10    3   -8   -12    11]
[    5   -11   -12   -10   -1   -8   -9    6    7    4    2    3]
[   -9   -12   -11   -8    7   -10   -5    4    1    6    3    2]
[    11    8    10    7    9    12   -4   -2   -5   -3   -1   -6]
[    9   -4    8    2    11    10    12   -3   -1   -6   -5   -7]
[    7    3   -2    10   -9    8   -1   -6    5   -4    12   -11]
[   -8    4    6   -2   -10   -3   -11    1   -12    5    7    9]
[   -10    6    4   -3   -8   -2   -12    5   -11    1    9    7]
          ];
          
